0,9.55556
1,9.55556
2,9.55556
3,9.27778
4,8.83333
5,9.05556
6,7.05556
7,13.6667
8,13.7778
9,13.5
10,14.3333
11,14.2222
12,12.5556
13,12.8333
0,9.55556
1,9.55556
2,9.55556
3,9.55556
4,9.5
5,16.3889
6,10.6111
7,10.7222
8,10.8333
9,10.7222
10,10.2222
11,10.5
12,10.8889
13,11.1111
14,11.1111
15,10.6667
16,10.6111
17,10.6111
18,10.5556
19,10.5556
0,12.3889
1,12.3889
2,12.3889
3,12.5
4,13.2222
5,8.33333
6,9.55556
7,9.55556
8,7.16667
9,7.22222
10,8.05556
11,7.72222
12,6.16667
13,7.05556
0,10.0
1,10.0
2,10.7778
3,10.6667
4,9.66667
0,10.0
1,10.0
2,10.7778
3,6.83333
4,9.05556
0,9.55556
1,9.5
0,10.9444
1,12.1111
0,10.1667
1,10.6111
2,8.61111
3,9.5
4,8.38889
0,12.3889
1,10.2222
2,17.2222
3,8.83333
4,9.22222
0,89.2778
1,90.5
2,91.7222
3,92.3333
4,92.3333
5,92.1667
6,92.4444
7,93.2222
8,93.2778
9,93.0
10,93.0556
11,93.1667
12,93.2222
13,93.4444
14,93.2222
15,93.9444
16,93.9444
17,94.1667
18,93.6667
19,94.2222
20,93.9444
21,94.3333
22,94.3333
23,94.5
24,94.7778
25,94.6111
26,94.3889
27,94.7778
28,94.7778
29,94.3889
30,95.1667
31,94.2222
32,94.6111
33,95.4445
34,94.8333
35,94.8333
36,95.2222
37,94.6667
38,94.4444
39,94.6667
40,95.0556
41,95.2778
42,94.8333
43,94.9445
44,94.8333
45,94.7222
46,94.8333
47,94.8333
48,95.0
49,95.1111
50,95.1111
51,94.8333
52,94.8333
53,94.7778
54,94.8333
55,95.2222
56,95.1111
57,94.9445
58,94.9445
59,94.8889
60,95.0
61,95.2222
62,94.9445
63,95.2222
64,94.8333
65,95.2222
66,95.1111
67,95.2222
68,95.1667
69,95.0
70,95.0556
71,94.7778
72,94.7222
73,94.7778
74,94.6111
75,95.0
76,95.1667
77,94.8889
78,94.8333
79,95.2222
80,95.1111
81,94.8333
82,94.7778
83,95.0556
84,94.7222
85,94.8889
86,95.3333
87,95.2222
88,95.1111
89,95.2778
90,94.9445
91,95.2222
92,95.2778
93,95.2778
94,95.1667
95,95.1667
96,95.0
97,95.2222
98,95.1111
99,95.1111
0,88.5
1,90.9444
2,90.7222
3,91.7778
4,92.2222
5,92.7778
6,92.5555
7,92.2778
8,92.2778
9,92.7778
0,87.7222
1,89.3889
2,90.8333
3,91.5
4,91.7222
5,91.6667
6,92.0
7,92.0555
8,92.2778
9,91.8889
10,92.7222
11,92.5
12,92.5555
13,92.8333
14,92.6111
15,92.8333
16,92.8889
17,92.6667
18,93.3889
19,93.9444
20,93.7222
21,93.4444
22,94.0556
23,93.5556
24,94.2222
25,93.8889
26,93.5556
27,94.0
28,93.8333
29,94.2778
30,94.2222
31,94.2222
32,94.1667
33,94.2222
34,94.3889
35,94.1667
36,94.3889
37,94.5556
38,94.7778
39,94.5
40,94.4444
41,94.5556
42,94.7222
43,94.6667
44,94.6111
45,94.6111
46,94.6667
47,94.8333
48,94.7222
49,94.7778
0,90.2222
1,90.8889
2,91.7778
3,92.6667
4,92.7778
5,92.3889
6,92.6111
7,92.5
8,92.3889
9,92.6111
10,94.2222
11,92.8889
12,92.9444
13,92.6667
14,93.2778
15,93.7778
16,93.6667
17,94.0
18,93.7778
19,94.1111
20,94.1111
21,93.9444
22,93.9444
23,94.0556
24,94.0
25,93.7778
26,94.2222
27,94.1111
28,94.2222
29,94.3889
30,94.4444
31,94.1667
32,94.6667
33,94.5556
34,94.8889
35,94.6111
36,94.7778
37,94.6111
38,94.6667
39,95.0
40,94.7778
41,94.6111
42,94.7778
43,94.7222
44,94.8333
45,94.5556
46,94.4444
47,94.7778
48,94.9445
49,94.8889
